TEC;TS;Treal;Tinicio;Tfim;Tfila;Tsistema;NPF;TLC
  1.00;  1.25;  1.00;  1.00;  2.25;  0.00;  1.25;    0;  1.00
  3.00;  3.75;  4.00;  4.00;  7.75;  0.00;  3.75;    0;  1.75
  1.00;  1.25;  5.00;  7.75;  9.00;  2.75;  4.00;    1;  0.00
  1.00;  3.75;  6.00;  9.00; 12.75;  3.00;  6.75;    2;  0.00
  3.00;  1.25;  9.00; 12.75; 14.00;  3.75;  5.00;    3;  0.00
  5.00;  1.25; 14.00; 14.00; 15.25;  0.00;  1.25;    3;  0.00
  1.00;  1.25; 15.00; 15.25; 16.50;  0.25;  1.50;    2;  0.00
  3.00;  1.25; 18.00; 18.00; 19.25;  0.00;  1.25;    1;  1.50
  3.00;  1.25; 21.00; 21.00; 22.25;  0.00;  1.25;    0;  1.75
  5.00;  3.75; 26.00; 26.00; 29.75;  0.00;  3.75;    0;  3.75
  1.00;  6.25; 27.00; 29.75; 36.00;  2.75;  9.00;    1;  0.00
  5.00;  1.25; 32.00; 36.00; 37.25;  4.00;  5.25;    2;  0.00
  1.00;  1.25; 33.00; 37.25; 38.50;  4.25;  5.50;    3;  0.00
  7.00;  3.75; 40.00; 40.00; 43.75;  0.00;  3.75;    3;  1.50
  1.00;  1.25; 41.00; 43.75; 45.00;  2.75;  4.00;    1;  0.00
  1.00;  3.75; 42.00; 45.00; 48.75;  3.00;  6.75;    2;  0.00
  3.00;  1.25; 45.00; 48.75; 50.00;  3.75;  5.00;    3;  0.00
  1.00;  1.25; 46.00; 50.00; 51.25;  4.00;  5.25;    4;  0.00
  1.00;  3.75; 47.00; 51.25; 55.00;  4.25;  8.00;    4;  0.00
  7.00;  3.75; 54.00; 55.00; 58.75;  1.00;  4.75;    5;  0.00
  1.00;  6.25; 55.00; 58.75; 65.00;  3.75; 10.00;    3;  0.00
  1.00;  3.75; 56.00; 65.00; 68.75;  9.00; 12.75;    4;  0.00
  1.00;  3.75; 57.00; 68.75; 72.50; 11.75; 15.50;    4;  0.00
  1.00;  6.25; 58.00; 72.50; 78.75; 14.50; 20.75;    5;  0.00
  3.00;  1.25; 61.00; 78.75; 80.00; 17.75; 19.00;    6;  0.00
  3.00;  3.75; 64.00; 80.00; 83.75; 16.00; 19.75;    6;  0.00
  1.00;  3.75; 65.00; 83.75; 87.50; 18.75; 22.50;    7;  0.00
  3.00;  3.75; 68.00; 87.50; 91.25; 19.50; 23.25;    8;  0.00
  5.00; 11.25; 73.00; 91.25;102.50; 18.25; 29.50;    8;  0.00
  1.00;  3.75; 74.00;102.50;106.25; 28.50; 32.25;    7;  0.00
  1.00;  1.25; 75.00;106.25;107.50; 31.25; 32.50;    8;  0.00
  1.00;  1.25; 76.00;107.50;108.75; 31.50; 32.75;    9;  0.00
  5.00;  8.75; 81.00;108.75;117.50; 27.75; 36.50;   10;  0.00
  3.00;  8.75; 84.00;117.50;126.25; 33.50; 42.25;    9;  0.00
  1.00;  3.75; 85.00;126.25;130.00; 41.25; 45.00;    9;  0.00
  1.00;  6.25; 86.00;130.00;136.25; 44.00; 50.25;   10;  0.00
  3.00;  1.25; 89.00;136.25;137.50; 47.25; 48.50;   11;  0.00
  1.00;  3.75; 90.00;137.50;141.25; 47.50; 51.25;   11;  0.00
  1.00;  3.75; 91.00;141.25;145.00; 50.25; 54.00;   12;  0.00
  3.00;  3.75; 94.00;145.00;148.75; 51.00; 54.75;   13;  0.00
  1.00;  1.25; 95.00;148.75;150.00; 53.75; 55.00;   13;  0.00
  1.00;  6.25; 96.00;150.00;156.25; 54.00; 60.25;   14;  0.00
  3.00;  1.25; 99.00;156.25;157.50; 57.25; 58.50;   15;  0.00
  1.00;  1.25;100.00;157.50;158.75; 57.50; 58.75;   16;  0.00
  9.00;  6.25;109.00;158.75;165.00; 49.75; 56.00;   17;  0.00
  1.00;  1.25;110.00;165.00;166.25; 55.00; 56.25;   14;  0.00
  1.00;  1.25;111.00;166.25;167.50; 55.25; 56.50;   15;  0.00
  7.00;  1.25;118.00;167.50;168.75; 49.50; 50.75;   16;  0.00
  1.00;  1.25;119.00;168.75;170.00; 49.75; 51.00;   16;  0.00
  3.00;  1.25;122.00;170.00;171.25; 48.00; 49.25;   17;  0.00
  1.00;  3.75;123.00;171.25;175.00; 48.25; 52.00;   18;  0.00
  5.00;  3.75;128.00;175.00;178.75; 47.00; 50.75;   19;  0.00
  3.00;  3.75;131.00;178.75;182.50; 47.75; 51.50;   19;  0.00
  1.00;  1.25;132.00;182.50;183.75; 50.50; 51.75;   19;  0.00
  1.00; 11.25;133.00;183.75;195.00; 50.75; 62.00;   20;  0.00
  3.00;  1.25;136.00;195.00;196.25; 59.00; 60.25;   21;  0.00
  3.00;  8.75;139.00;196.25;205.00; 57.25; 66.00;   22;  0.00
  1.00;  1.25;140.00;205.00;206.25; 65.00; 66.25;   21;  0.00
  3.00;  1.25;143.00;206.25;207.50; 63.25; 64.50;   22;  0.00
  1.00;  1.25;144.00;207.50;208.75; 63.50; 64.75;   22;  0.00
  7.00;  3.75;151.00;208.75;212.50; 57.75; 61.50;   23;  0.00
  1.00;  1.25;152.00;212.50;213.75; 60.50; 61.75;   21;  0.00
  1.00;  1.25;153.00;213.75;215.00; 60.75; 62.00;   22;  0.00
  1.00;  1.25;154.00;215.00;216.25; 61.00; 62.25;   23;  0.00
  5.00;  1.25;159.00;216.25;217.50; 57.25; 58.50;   24;  0.00
  5.00;  3.75;164.00;217.50;221.25; 53.50; 57.25;   22;  0.00
  1.00;  3.75;165.00;221.25;225.00; 56.25; 60.00;   23;  0.00
  5.00;  6.25;170.00;225.00;231.25; 55.00; 61.25;   24;  0.00
  9.00;  1.25;179.00;231.25;232.50; 52.25; 53.50;   21;  0.00
  5.00;  1.25;184.00;232.50;233.75; 48.50; 49.75;   18;  0.00
  7.00;  3.75;191.00;233.75;237.50; 42.75; 46.50;   17;  0.00
  3.00;  1.25;194.00;237.50;238.75; 43.50; 44.75;   18;  0.00
  5.00;  1.25;199.00;238.75;240.00; 39.75; 41.00;   19;  0.00
  1.00;  3.75;200.00;240.00;243.75; 40.00; 43.75;   18;  0.00
  3.00;  6.25;203.00;243.75;250.00; 40.75; 47.00;   19;  0.00
  3.00;  3.75;206.00;250.00;253.75; 44.00; 47.75;   20;  0.00
  1.00; 11.25;207.00;253.75;265.00; 46.75; 58.00;   20;  0.00
  1.00;  1.25;208.00;265.00;266.25; 57.00; 58.25;   20;  0.00
  1.00;  3.75;209.00;266.25;270.00; 57.25; 61.00;   20;  0.00
  1.00;  1.25;210.00;270.00;271.25; 60.00; 61.25;   20;  0.00
  1.00;  3.75;211.00;271.25;275.00; 60.25; 64.00;   21;  0.00
  5.00;  1.25;216.00;275.00;276.25; 59.00; 60.25;   22;  0.00
  1.00;  1.25;217.00;276.25;277.50; 59.25; 60.50;   20;  0.00
  1.00;  1.25;218.00;277.50;278.75; 59.50; 60.75;   20;  0.00
  1.00;  1.25;219.00;278.75;280.00; 59.75; 61.00;   20;  0.00
  1.00;  6.25;220.00;280.00;286.25; 60.00; 66.25;   21;  0.00
  7.00;  3.75;227.00;286.25;290.00; 59.25; 63.00;   22;  0.00
  3.00;  3.75;230.00;290.00;293.75; 60.00; 63.75;   21;  0.00
  3.00;  1.25;233.00;293.75;295.00; 60.75; 62.00;   22;  0.00
  5.00;  3.75;238.00;295.00;298.75; 57.00; 60.75;   21;  0.00
  1.00;  3.75;239.00;298.75;302.50; 59.75; 63.50;   20;  0.00
  1.00;  1.25;240.00;302.50;303.75; 62.50; 63.75;   20;  0.00
  1.00;  1.25;241.00;303.75;305.00; 62.75; 64.00;   21;  0.00
  3.00;  1.25;244.00;305.00;306.25; 61.00; 62.25;   21;  0.00
  1.00;  3.75;245.00;306.25;310.00; 61.25; 65.00;   21;  0.00
  3.00;  1.25;248.00;310.00;311.25; 62.00; 63.25;   22;  0.00
  1.00;  1.25;249.00;311.25;312.50; 62.25; 63.50;   23;  0.00
  3.00;  3.75;252.00;312.50;316.25; 60.50; 64.25;   24;  0.00
  1.00;  1.25;253.00;316.25;317.50; 63.25; 64.50;   24;  0.00
  1.00;  1.25;254.00;317.50;318.75; 63.50; 64.75;   25;  0.00
